4753225
6514817
5000179
9735411
6428468
1642854
6945387
7857005
7630615
3473171
5804478
1665958
5638901
5894253
7259548
1686476
1817339
8504548
1450637
5869239
1236570
6697882
9196018
2540162
4381530
9924639
1441233
1612277
2801353
9577077
9064643
8635813
8090757
5040302
9666094
3198258
5020855
3110951
5220717
9445282
2089762
1991772
1826777
1546097
4167967
4383860
2028356
1576566
7201840
6181040
5344327
2454832
7279363
4619833
6875332
3172401
4651051
5491814
1726877
1180495
2481681
4024545
7580550
9073865
7138841
7427732
1712575
2911995
6328546
8975638
1649587
8313175
2792758
8066510
4309156
2589604
6020035
8490186
5244739
9695184
6370525
2503455
6048219
4827896
3259412
9375851
2377898
3710016
8512552
5314375
8630302
2198787
4423601
4914293
4138479
8421636
5482164
8198907
8500795
4475648
4990334
2457563
2694768
4418052
2253437
2917313
4959409
3146752
1332779
1543010
7731712
6657488
7412103
6729796
9095717
3032538
6343339
1163377
3555091
3027749
4503635
4990583
3854895
3666863
1944958
5367841
4318271
2505796
7670978
8761774
3899573
6390642
5923890
9417537
9560431
1694112
1307249
4576187
2954127
4209223
9244854
1899371
4574664
2220516
8826952
9749252
4243436
1298677
3936340
8974646
8848570
9062056
1590027
2859909
2405551
8466325
1786309
3523151
4698456
2728236
7643099
4465490
2557883
1747232
1780806
3380323
9978647
8691611
8778266
2407579
1770249
6479187
6510655
5952991
3690323
8531900
1082847
3296431
4085177
8340258
3991844
8082420
8427601
6014685
5218961
2761781
4644909
9740534
4301624
6842079
9320431
9212129
3820614
1607875
5221884
4409498
9085042
1333222
9679100
9031067
1937088
7736193
9297353
8363244
7433074
3633403
5157967
1267235
8217341
4312046
4396705
7154342
1128257
5180189
4426710
9237025
7760330
5421189
2050047
1015111
5270369
1588549
4291264
1288849
1119251
6344360
6640080
5339732
8758561
1610260
7326680
8694290
3136162
3183254
8198888
9368538
6128230
4642969
3196616
4094333
1347706
9274680
8588423
7326055
5172647
7722244
3625295
8900016
3790182
1457407
6714275
5563434
1154490
2049573
2138835
5741111
5091362
7734736
9621480
4343228
9835515
3139161
1171165
3438523
3732526
8396068
7559709
6722018
2522751
6850823
5391602
9076392
2928724
6732891
7901485
1410170
6769479
9139875
9603734
3166608
8609487
4418892
5037445
8760544
4349185
3415979
7776586
4899903
3948903
3256253
5159543
1749755
3119505
7006603
7590883
8337261
2703738
7110344
9571983
5852477
2295871
6230469
9132305
4859242
5496529
8443061
9781801
7453469
7752951
2250892
5263370
8049254
2810272
9278400
1449464
1435872
3041976
4316714
5971576
1751857
7208410
2793900
6349785
9572931
2328852
4929112
4878366
5350391
1557033
9490817
5614569
6273668
1024537
4919618
7511732
6815844
1149753
1347773
3941485
9423114
8788535
7543337
7462625
6519577
9854026
6142025
7625053
8775991
4589055
3388167
8412964
9753468
2315508
7229648
9419566
8137644
2651592
1859580
5175709
3412464
4159818
5249411
3069053
8997579
7703777
5106561
7909359
3138317
3267857
9063927
5841754
2700256
8930336
1441727
7044692
9243486
1465556
2723929
8467500
1031861
4666129
6590754
1559512
2575487
4090546
9580280
2355270
8640141
9026461
9134461
2621319
6969901
4397935
3982387
8175900
4625034
1930786
8032588
3090945
6626068
4573702
4325007
2604518
7787458
5724565
3834335
2712392
2512291
8796301
6361336
4358824
3894727
3559424
3654307
7943636
7863507
6248581
9380866
2012478
5792562
6296698
3690914
8549077
6416850
8571791
9997343
1760507
4394839
6507455
8205960
2434027
1839021
8141655
5502147
7237555
8167770
5561320
6531355
8995153
6375661
7039256
2374811
7636721
9508464
9086937
8921686
3101706
2562122
8664709
4339830
2424722
9552289
5699652
3640433
7300941
6068842
1766130
2244884
1181164
5471162
8656029
5410563
2031611
9965783
7369254
6162164
9850132
3734704
8409320
2945433
6669041
2799221
5370322
3431782
6214333
3878981
6488503
7448197
6168537
4346319
7071582
2742485
4075543
8587282
5434325
3342323
1742378
8030656
4607247
1926202
8804163
6500883
7842681
3721331
5411328
2983262
4448004
5436194
6433547
6307921
5087910
7585124
2978730
5343294
6011750
4846675
9090790
4313919
7189593
1496299
5269958
1281291
9239474
9268423
6855635
2974976
7719592
3087475
7113246
3814899
8560647
3958645
7974830
4223892
7188385
2689980
4205630
1921360
3332584
5620094
1120974
2496964
8161749
2759258
8841869
6904366
3562637
1221220
5682748
6951726
8818045
7277410
4916794
7721199
2520346
9546958
8586740
5795152
1064953
1150788
3065073
5412859
2564098
8195232
3408720
1405648
6995576
8147211
7463383
1842029
9839540
4752879
1861990
6854999
1496288
2127048
3236460
9402652
9353125
2014388
9864940
5269505
7129878
2091132
8323464
4127002
8429414
2538264
4112332
4714749
5869358
8223337
7566271
2318143
5524798
9283831
4080666
2793007
2175951
6664660
1666694
4683797
1577569
8120676
6232216
9221330
1023857
8669867
9813696
4879024
4280079
4165916
7796421
8002990
7068647
6924546
6986375
6036173
6544472
6589804
5491825
4659709
1195165
4120432
6755519
8207803
7985683
8258190
3523407
9772333
3169124
3396676
6192569
7030099
6727336
3723605
1379152
6622118
9767094
1878295
5192117
3745494
2077002
7245581
3487428
1292613
9845202
6221883
4009025
1946534
4129365
7058574
5489671
5694323
4726799
8534147
4542627
5674949
2225351
8168193
4650694
9331358
7248933
4449706
1674590
2105271
1183900
5238732
5649583
7997622
3089460
6814153
3388509
3982149
6419172
5137635
4521132
4559144
5069181
7907684
1056682
8128175
2285108
6393259
6703682
3381416
7542163
9040579
3483288
1797679
8996059
2850203
7351488
2131599
7894507
8057202
2870160
2336543
9647840
2991931
3036831
3121089
3967049
3217335
7614437
1107751
6634890
7063835
9710270
7329429
2577944
5882065
7471193
5467569
1375923
9754836
8945631
6167211
4815976
8484833
9645327
4426947
6002969
9780239
1641538
2252743
6998079
8139724
6233907
1267592
1497485
6253295
7283138
7503665
7430343
2575636
1160903
5431724
8261070
9622182
8860370
3554399
4586617
9513372
4053538
9262375
7342352
3596614
9822078
6947606
9443792
5486683
8034777
1886629
2737309
5574242
1632714
4746258
8941598
3977758
1284245
6899592
6640819
1070780
5638815
7402278
4233074
3438039
1009589
4838508
8884756
9921005
8825421
5666407
1275302
3729885
6563563
4776459
3183436
3122904
1167120
1584495
9924510
8437729
5776061
1052293
9206360
4873219
4915843
4472876
6755296
6373063
7397891
7038189
6727370
8403407
2501716
9043642
8651176
7825745
4599850
6169533
7143232
9515130
5529050
2342335
7738166
7917169
6193432
8590832
9121980
3139309
7450084
2207155
5909265
1034718
7194832
3879478
8194541
9425046
5532423
7345306
8839143
1094046
6341305
6767042
1767832
1342734
7431669
1186738
3074336
3245488
5904721
6464677
9282940
9453230
5157699
3507843
2390237
6099842
7740354
7255535
4522403
6255644
1669392
5628151
5026001
7024940
6253820
3289798
9406836
1194980
9753639
6712020
2561765
2744287
9553549
5624320
9082399
7455379
6172133
2848286
2269939
5307483
9493656
4012067
3270327
7293077
4578763
2682796
4617622
6556217
1351398
1049767
8907909
8696715
4410973
6986535
2434997
8895811
7102460
5735295
6566711
2868369
2103509
8543206
9110353
9374052
1853582
2572767
3536223
3492950
8489399
9751707
5666980
2027319
1353598
5817647
6621591
1351633
6278016
9980976
6412450
3856868
5844827
5486070
2145028
5370162
5655847
4978879
7051562
8888297
8538718
1590533
1073186
6890540
3466024
7909036
8731012
1014491
4335678
8021779
5108266
6967411
9712191
6172420
5748930
4403315
6916747
2740854
8791049
8187057
2682912
9923023
7945267
6572053
2862640
6849315
3210011
5238851
5598414
5220610
9313776
1542857
5171989
4100257
7907052
4159038
5463800
3403190
1713039
9823316
8557743
4541453
4181497
5458864
2627678
5774366
7918128
6158312
6132792
7776230
4023649
8065078
9039793
5053681
1309126
7700422
7927760
7291733
6934512
4620578
4124928
6497628
3199400
1930601
6254782
8912624
4632272
3845565
6398947
7321373
1045516
6413033
7473401
9669060
2717289
1122475
1736199
9401897
9508624
2888936
1003837
4357047
3612996
5643347
4640855
3875788
4603621
2111104
1406919
6928452
4540308
9612398
1254323
4392977
8435916
3511015
1795888
8332631
7057786
6289201
6982168
9606164
9637335
2525222
4645805
4873208
7610554
8177650
6347392
7955879
1187474
8438012
3852178
2141770
4868538
3499100
2080657
5934524
3918445
5385508
9716717
5713671
6523437
6991665
5277371
5508286
4336897
2566221
8323765
3324558
6376307
1869567
5115374
9125443
9113211
1651504
7134850
7874565
4644158
9227617
7085806
5001473
2952927
4200668
9147782
9076518
5136643
7157277
2255905
3277845
8868114
5512254
7895834
7849904
8071473